4294967279,104
4294967279,103
4294967279,102
4294967279,101
4294967279,100
4294967279,99
4294967279,98
4294967279,97
4294967279,96
4294967279,129
4294967279,128
4294967279,127
4294967279,126
4294967279,125
4294967279,124
4294967279,123
4294967279,122
4294967279,121
4294967279,120
4294967279,119
4294967279,118
4294967279,117
4294967279,116
4294967279,115
4294967279,114
4294967279,113
4294967279,112
4294967279,111
4294967279,110
4294967279,109
4294967279,108
4294967279,107
4294967279,106
4294967279,105
4294967279,368
4294967278,324
4294967278,199
4294967278,197
4294967278,196
4294967278,195
4294967278,182
4294967278,260
4294967278,49
4294967278,47
4294967278,46
4294967278,45
4294967278,44
4294967278,43
4294967278,42
4294967278,41
4294967278,40
4294967278,38
4294967278,34
4294967278,33
4294967278,32
4294967278,31
4294967278,29
4294967278,306
4294967278,28
4294967278,27
4294967278,26
4294967278,25
4294967278,24
4294967278,23
4294967278,289
4294967278,22
4294967278,304
4294967278,21
4294967278,20
4294967278,284
4294967278,19
4294967278,18
4294967278,17
4294967278,16
4294967278,15
4294967278,14
4294967278,13
4294967278,282
4294967278,12
4294967278,11
4294967278,10
4294967278,9
4294967278,8
4294967278,263
4294967278,7
4294967278,6
4294967278,5
4294967278,259
4294967278,4
4294967279,132
4294967279,131
4294967279,130
4294967279,59
4294967279,58
4294967279,56
4294967279,55
4294967279,53
4294967279,367
4294967278,316
4294967279,366
4294967278,336
4294967279,365
4294967278,366
4294967279,329
4294967294,436
4294967278,334
4294967279,175
4294967279,282
4294967279,173
4294967279,169
4294967279,171
47,5
47,4
47,3
47,2
47,1
4294967279,364
4294967279,57
4294967279,168
4294967279,167
4294967278,166
4294967278,313
4294967279,166
4294967278,165
4294967279,165
4294967279,363
4294967279,52
4294967278,51
4294967278,311
4294967279,305
4294967278,162
4294967278,365
4294967278,50
4294967279,293
4294967278,161
4294967278,48
4294967278,160
4294967278,330
4294967279,160
4294967279,292
4294967278,159
4294967279,159
4294967278,157
4294967279,154
45,5
4294967278,156
45,4
45,3
45,2
45,1
4294967279,362
4294967278,155
4294967279,153
4294967278,153
4294967279,152
4294967278,152
4294967278,364
4294967278,39
4294967279,151
4294967278,151
4294967279,150
4294967278,148
4294967279,149
4294967279,303
4294967278,37
4294967278,294
4294967278,363
4294967278,36
43,6
4294967278,35
4294967278,147
4294967278,308
4294967279,361
4294967279,289
4294967278,146
43,5
4294967278,30
4294967279,144
4294967278,144
4294967279,143
43,4
4294967278,143
43,3
43,2
43,1
4294967278,307
4294967279,142
4294967278,142
4294967279,141
4294967279,140
4294967279,360
4294967278,362
42,5
42,4
4294967279,136
42,3
42,2
42,1
4294967279,285
4294967279,135
4294967279,284
4294967279,269
4294967279,283
4294967279,279
4294967279,265
4294967279,280
41,5
41,4
4294967279,277
41,3
41,2
41,1
4294967279,322
4294967279,321
4294967279,261
40,5
4294967279,275
4294967278,361
4294967279,258
40,4
40,3
40,2
40,1
4294967279,257
4294967279,256
4294967279,255
4294967279,359
4294967278,360
4294967279,254
4294967278,258
4294967279,358
4294967278,257
4294967279,357
4294967279,356
4294967278,359
4294967294,468
4294967279,355
4294967294,76
4294967279,354
4294967279,353
4294967278,358
4294967279,352
38,4
4294967278,357
38,3
38,2
38,1
4294967278,356
4294967279,351
4294967278,355
4294967278,354
4294967279,350
4294967294,396
4294967294,902
4294967294,408
4294967294,177
4294967294,385
4294967294,178
4294967294,406
4294967294,183
4294967294,405
4294967294,168
4294967294,119
4294967294,453
4294967294,387
4294967294,386
4294967278,353
4294967278,174
4294967294,42
4294967294,40
4294967294,37
4294967278,352
4294967279,349
4294967294,39
4294967278,252
4294967279,348
4294967279,347
4294967278,251
4294967279,346
4294967278,249
4294967279,345
4294967278,247
4294967294,91
4294967294,90
4294967294,87
4294967294,85
4294967294,84
4294967294,29
4294967294,946
4294967294,392
4294967294,393
4294967294,388
4294967294,115
4294967294,120
4294967294,114
4294967294,45
4294967294,426
4294967294,44
4294967278,243
4294967278,242
4294967278,245
4294967279,51
4294967279,50
4294967278,240
4294967278,239
4294967278,237
4294967278,236
4294967279,48
4294967278,235
4294967279,46
4294967279,45
4294967279,44
4294967279,43
4294967279,42
4294967279,41
4294967279,38
4294967279,37
4294967279,35
4294967279,34
4294967279,33
4294967279,32
4294967279,30
4294967279,28
4294967279,27
4294967279,25
4294967279,24
